1344
1394
1406
1409
2003
2017
2021
2023
2024
2042
2048
2052
2059
2063
2066
2072
2074
2077
2078
2087
2102
2134
2142
2145
2152
2155
2157
2161
2162
2166
2168
2170
2171
2173
2179
2181
2184
2185
2193
2194
2196
2198
2208
2214
2221
2239
2257
2261
2269
2517
1001
1004
1007
1010
1017
1023
1024
1026
1029
1035
1040
1046
1051
1071
1072
1073
1077
1088
1093
1107
1109
1112
1113
1114
1116
1117
1121
1123
1126
1127
1128
1139
1142
1143
1144
1147
1153
1155
1157
1161
1167
1169
1217
1230
1237
1244
1256
1261
1379
1410
